						      УЧЕБНАЯ ПРАКТИКА
			     Задание 12. Исследование свойств обратной и псевдообратной матриц.

Матрица коэффициентов А:

29.0873 -47.8213 1.49261 37.6878 -46.0132 -1.57304 -47.3563 
35.4821 -35.8064 -43.1788 36.286 -0.883003 -24.9362 24.7807 
4.21492 1.63466 48.2917 -0.738361 -29.6944 4.50743 17.7658 
-39.2693 3.47445 7.12738 -22.9832 43.4757 29.9683 -31.0128 
-49.4434 -14.9104 -18.755 12.2119 -24.0662 -7.77506 -48.9473 
-10.2607 -29.9582 -37.8107 -49.1723 -12.254 -49.8074 -6.64158 
44.344 -21.1667 -19.9564 -4.41071 -13.2989 17.5476 22.7545 

Определитель матрицы: 42713

******************************************************** ОБРАТНАЯ МАТРИЦА (КЛАССИЧЕСКИЙ МЕТОД) *******************************************************

Обратная матрица к матрице А:

0.0113841 -0.00969013 -0.014188 -0.00733315 -0.0170844 0.00107176 -0.0011092 
-0.00264026 -0.019349 -0.0211114 -0.0215909 -0.00208893 -0.00608595 -0.00363663 
0.00637045 0.00282865 0.0142952 0.00770868 -0.0102298 0.00168719 -0.0119901 
0.000153199 0.0105389 0.000567809 -0.00192499 0.00436729 -0.0097771 -0.00768469 
0.00288111 0.00930102 -0.00326826 0.0131816 -0.0132969 0.000734255 -0.0120044 
-0.00461557 -0.00295596 0.00280038 0.00690617 0.0105229 -0.00826486 0.0210631 
-0.0137813 0.0131244 0.0165891 0.00297245 0.00733925 -0.00136266 0.00746167 

************************************************************** ПСЕВДООБРАТНАЯ МАТРИЦА (СВД) **************************************************************

Вектор Сигма:

125.45 105.779 92.2951 64.5732 47.3712 25.2452 19.9407 

Матрица Сигма:

125.45 0 0 0 0 0 0 
0 105.779 0 0 0 0 0 
0 0 92.2951 0 0 0 0 
0 0 0 64.5732 0 0 0 
0 0 0 0 47.3712 0 0 
0 0 0 0 0 25.2452 0 
0 0 0 0 0 0 19.9407 

Транспонированная матрица Сигма:

0.00797131 0 0 0 0 0 0 
0 0.00945363 0 0 0 0 0 
0 0 0.0108348 0 0 0 0 
0 0 0 0.0154863 0 0 0 
0 0 0 0 0.0211099 0 0 
0 0 0 0 0 0.0396114 0 
0 0 0 0 0 0 0.0501486 


Матрица U:

0.522307 -0.3668 -0.570651 0.0198539 0.337987 0.333103 0.203371 
0.575958 0.0784042 0.25806 0.415651 -0.328733 0.242757 -0.505753 
-0.0136031 0.232359 -0.362876 -0.633984 -0.00968397 0.0911623 -0.635511 
-0.496468 -0.239828 0.0170118 0.399352 0.499077 0.288882 -0.451329 
-0.024591 -0.701375 -0.171763 0.0348035 -0.302017 -0.559956 -0.268289 
0.175682 -0.433322 0.661236 -0.50663 0.23429 0.180038 -0.0120424 
0.34254 0.260974 0.0951802 0.0868203 0.618403 -0.626406 -0.152177 

Матрица V:

0.555372 0.503001 -0.0402121 0.0665659 0.390134 0.214134 0.484197 
-0.474253 0.30436 -0.0188835 -0.041199 -0.385917 -0.287451 0.669952 
-0.329203 0.282714 -0.575007 -0.447755 0.0474765 0.501911 -0.16252 
0.331258 0.0562468 -0.51252 0.496764 -0.603547 0.0684921 -0.0932334 
-0.413231 0.172081 0.350089 0.605846 0.0611512 0.550979 -0.0519453 
-0.260415 0.227783 -0.396435 0.390314 0.508876 -0.519524 -0.204777 
0.0998188 0.699833 0.353544 -0.164982 -0.263907 -0.203542 -0.486807 

Произведение VSigma^-1:

0.00442704 0.00475519 -0.00043569 0.00103086 0.00823566 0.00848217 0.0242818 
-0.00378042 0.00287731 -0.0002046 -0.00063802 -0.00814664 -0.0113864 0.0335971 
-0.00262417 0.00267268 -0.00623009 -0.00693406 0.00100222 0.0198814 -0.00815014 
0.00264056 0.000531737 -0.00555306 0.00769303 -0.0127408 0.00271307 -0.00467552 
-0.00329399 0.00162679 0.00379315 0.00938231 0.00129089 0.0218251 -0.00260498 
-0.00207585 0.00215338 -0.0042953 0.00604451 0.0107423 -0.0205791 -0.0102693 
0.000795686 0.00661597 0.00383058 -0.00255495 -0.00557104 -0.0080626 -0.0244127 

Псевдообратная матрица Мура-Пенроуза (A+):

0.0113844 -0.00969015 -0.0141886 -0.00733254 -0.0170848 0.0010711 -0.00111001 
-0.00263945 -0.0193477 -0.0211117 -0.0215899 -0.00208963 -0.00608625 -0.00363706 
0.00637037 0.0028271 0.0142958 0.00770866 -0.01023 0.00168666 -0.0119902 
0.000152374 0.0105387 0.000567508 -0.00192541 0.0043668 -0.00977619 -0.00768429 
0.00288105 0.00930028 -0.00326924 0.0131814 -0.013297 0.000734353 -0.0120048 
-0.00461564 -0.00295616 0.0028013 0.0069061 0.010523 -0.00826488 0.0210635 
-0.0137812 0.0131245 0.0165897 0.00297174 0.00734019 -0.00136255 0.00746228 

Число обусловленности матрицы А: 6.29114

******************************************************************** ПРОВЕРКА СВОЙСТВ ************************************************************************

Свойства обратной матрицы:

1 свойство: AA^-1 = E и A^-1A = E:

AA^-1:
1 0 0 0 0 0 0 
0 1 0 0 0 0 0 
0 0 1 0 0 0 0 
0 0 0 1 0 0 0 
0 0 0 0 1 0 0 
0 0 0 0 0 1 0 
0 0 0 0 0 0 1 
A^-1A:
0.999999 0 0 0 0 0 0 
0 1 0 0 0 0 0 
0 0 0.999999 0 0 0 0 
0 0 0 1 0 0 0 
0 0 0 0 1 0 0 
0 0 0 0 0 1 0 
0 0 0 0 0 0 1 

2 свойство: det(A^-1) = 1/det(A)

det(A^-1) = 5.30227e-13 = 1/det(A)

3 свойство: (A^-1)T = (AT)^-1

(A^-1)T:
0.0113841 -0.00264026 0.00637045 0.000153199 0.00288111 -0.00461557 -0.0137813 
-0.00969013 -0.019349 0.00282865 0.0105389 0.00930102 -0.00295596 0.0131244 
-0.014188 -0.0211114 0.0142952 0.000567809 -0.00326826 0.00280038 0.0165891 
-0.00733315 -0.0215909 0.00770868 -0.00192499 0.0131816 0.00690617 0.00297245 
-0.0170844 -0.00208893 -0.0102298 0.00436729 -0.0132969 0.0105229 0.00733925 
0.00107176 -0.00608595 0.00168719 -0.0097771 0.000734255 -0.00826486 -0.00136266 
-0.0011092 -0.00363663 -0.0119901 -0.00768469 -0.0120044 0.0210631 0.00746167 
(AT)^-1
0.0113841 -0.00264022 0.00637047 0.000153232 0.00288115 -0.00461559 -0.0137814 
-0.00969015 -0.0193491 0.00282864 0.0105389 0.00930099 -0.00295595 0.0131245 
-0.014188 -0.0211115 0.0142952 0.000567715 -0.00326828 0.00280034 0.0165891 
-0.00733317 -0.0215909 0.00770869 -0.00192495 0.0131816 0.00690616 0.00297245 
-0.0170844 -0.00208894 -0.0102298 0.00436726 -0.0132969 0.0105229 0.00733926 
0.00107177 -0.00608595 0.0016872 -0.0097771 0.000734257 -0.00826487 -0.00136267 
-0.00110923 -0.00363663 -0.0119901 -0.0076847 -0.0120044 0.0210631 0.00746168 

4 свойство: (A^-1)^-1 = A

(A^-1)^-1:
29.0873 -47.8213 1.49261 37.6878 -46.0132 -1.57303 -47.3563 
35.4821 -35.8064 -43.1788 36.286 -0.883003 -24.9362 24.7806 
4.21493 1.63466 48.2917 -0.73836 -29.6944 4.50744 17.7658 
-39.2693 3.47446 7.12737 -22.9832 43.4757 29.9682 -31.0127 
-49.4435 -14.9103 -18.755 12.2118 -24.066 -7.77502 -48.9473 
-10.2607 -29.9581 -37.8105 -49.1723 -12.2543 -49.8075 -6.64163 
44.344 -21.1667 -19.9564 -4.41067 -13.299 17.5475 22.7545 

Свойства псевдообратной матрицы Мура-Пенроуза:

1 свойство: AA+A=A

AA+A:
29.0855 -47.8167 1.49441 37.6825 -46.0096 -1.57241 -47.3527 
35.4816 -35.8072 -43.1847 36.284 -0.882659 -24.9403 24.7822 
4.21431 1.63695 48.2979 -0.738589 -29.6966 4.51069 17.766 
-39.2703 3.47592 7.12922 -22.9846 43.4758 29.9692 -31.0135 
-49.4419 -14.9115 -18.7581 12.2089 -24.0659 -7.77779 -48.9438 
-10.2619 -29.9608 -37.8144 -49.1687 -12.2549 -49.8089 -6.64468 
44.3434 -21.1671 -19.9561 -4.40917 -13.3 17.5479 22.7539 
A:
29.0873 -47.8213 1.49261 37.6878 -46.0132 -1.57304 -47.3563 
35.4821 -35.8064 -43.1788 36.286 -0.883003 -24.9362 24.7807 
4.21492 1.63466 48.2917 -0.738361 -29.6944 4.50743 17.7658 
-39.2693 3.47445 7.12738 -22.9832 43.4757 29.9683 -31.0128 
-49.4434 -14.9104 -18.755 12.2119 -24.0662 -7.77506 -48.9473 
-10.2607 -29.9582 -37.8107 -49.1723 -12.254 -49.8074 -6.64158 
44.344 -21.1667 -19.9564 -4.41071 -13.2989 17.5476 22.7545 

2 свойство: A+AA+=A+

A+AA+:
0.0113846 -0.00969015 -0.0141892 -0.0073319 -0.0170852 0.00107043 -0.00111081 
-0.00263863 -0.0193463 -0.021112 -0.021589 -0.00209034 -0.00608654 -0.00363751 
0.00637028 0.00282556 0.0142963 0.00770864 -0.0102303 0.00168613 -0.0119903 
0.000151582 0.0105385 0.000567223 -0.00192587 0.00436631 -0.00977528 -0.00768391 
0.00288098 0.00929954 -0.00327025 0.0131812 -0.0132972 0.000734451 -0.0120052 
-0.0046157 -0.00295636 0.00280226 0.00690603 0.0105231 -0.00826489 0.021064 
-0.0137811 0.0131245 0.0165903 0.00297102 0.00734112 -0.00136244 0.0074629 
A+:
0.0113844 -0.00969015 -0.0141886 -0.00733254 -0.0170848 0.0010711 -0.00111001 
-0.00263945 -0.0193477 -0.0211117 -0.0215899 -0.00208963 -0.00608625 -0.00363706 
0.00637037 0.0028271 0.0142958 0.00770866 -0.01023 0.00168666 -0.0119902 
0.000152374 0.0105387 0.000567508 -0.00192541 0.0043668 -0.00977619 -0.00768429 
0.00288105 0.00930028 -0.00326924 0.0131814 -0.013297 0.000734353 -0.0120048 
-0.00461564 -0.00295616 0.0028013 0.0069061 0.010523 -0.00826488 0.0210635 
-0.0137812 0.0131245 0.0165897 0.00297174 0.00734019 -0.00136255 0.00746228 

3 свойство: (AA+)T = AA+ и (A+A)T = A+A

(AA+)T:
0.999936 -4.16636e-05 2.5034e-06 2.83122e-06 -3.52263e-05 1.83731e-05 8.34465e-07 
-4.16636e-05 1.00002 -5.06639e-05 -4.09484e-05 2.45571e-05 4.5903e-05 9.50694e-06 
2.74181e-06 -5.06043e-05 1.00007 -2.14577e-06 6.19888e-06 -3.07485e-05 1.5974e-05 
3.08454e-06 -4.10452e-05 -2.43261e-06 0.999998 -8.9258e-06 1.11386e-06 -2.58535e-06 
-3.49283e-05 2.43932e-05 6.10948e-06 -8.76188e-06 0.999989 5.09396e-05 2.82228e-05 
1.8239e-05 4.57875e-05 -3.06498e-05 8.3819e-07 5.07236e-05 0.99999 -1.58232e-05 
1.16229e-06 9.64105e-06 1.60933e-05 -2.32458e-06 2.8491e-05 -1.59442e-05 1 
AA+:
0.999936 -4.16636e-05 2.74181e-06 3.08454e-06 -3.49283e-05 1.8239e-05 1.16229e-06 
-4.16636e-05 1.00002 -5.06043e-05 -4.10452e-05 2.43932e-05 4.57875e-05 9.64105e-06 
2.5034e-06 -5.06639e-05 1.00007 -2.43261e-06 6.10948e-06 -3.06498e-05 1.60933e-05 
2.83122e-06 -4.09484e-05 -2.14577e-06 0.999998 -8.76188e-06 8.3819e-07 -2.32458e-06 
-3.52263e-05 2.45571e-05 6.19888e-06 -8.9258e-06 0.999989 5.07236e-05 2.8491e-05 
1.83731e-05 4.5903e-05 -3.07485e-05 1.11386e-06 5.09396e-05 0.99999 -1.59442e-05 
8.34465e-07 9.50694e-06 1.5974e-05 -2.58535e-06 2.82228e-05 -1.58232e-05 1 
(A+A)T:
0.999973 5.37038e-05 -3.95179e-05 1.89841e-05 -3.42131e-05 1.35303e-05 1.45435e-05 
3.31737e-05 0.999943 8.21054e-05 1.46031e-05 3.53158e-05 6.25849e-07 -3.77595e-05 
2.60752e-05 -3.28124e-05 1.00012 -4.28408e-05 -1.13249e-05 4.42863e-05 -9.64105e-06 
2.58433e-05 6.75358e-05 -3.57851e-05 0.999922 -2.82526e-05 -8.97795e-06 2.40207e-05 
6.34044e-05 3.58932e-05 2.99513e-06 2.07499e-05 1.00003 -3.73125e-05 -8.65981e-05 
3.87486e-05 2.36928e-06 6.73681e-05 -4.39733e-05 -3.8296e-06 1.00002 -2.13832e-05 
-3.39542e-05 -1.18911e-05 -9.50694e-06 6.87689e-05 -2.7597e-05 2.28584e-05 0.999996 
A+A:
0.999973 3.31737e-05 2.60752e-05 2.58433e-05 6.34044e-05 3.87486e-05 -3.39542e-05 
5.37038e-05 0.999943 -3.28124e-05 6.75358e-05 3.58932e-05 2.36928e-06 -1.18911e-05 
-3.95179e-05 8.21054e-05 1.00012 -3.57851e-05 2.99513e-06 6.73681e-05 -9.50694e-06 
1.89841e-05 1.46031e-05 -4.28408e-05 0.999922 2.07499e-05 -4.39733e-05 6.87689e-05 
-3.42131e-05 3.53158e-05 -1.13249e-05 -2.82526e-05 1.00003 -3.8296e-06 -2.7597e-05 
1.35303e-05 6.25849e-07 4.42863e-05 -8.97795e-06 -3.73125e-05 1.00002 2.28584e-05 
1.45435e-05 -3.77595e-05 -9.64105e-06 2.40207e-05 -8.65981e-05 -2.13832e-05 0.999996 
