						      УЧЕБНАЯ ПРАКТИКА
			     Задание 12. Исследование свойств обратной и псевдообратной матриц.

Матрица коэффициентов А:

-29.3589 24.4887 -35.8599 6.5601 20.4185 -4.55696 17.8351 
-54.14 -3.41559 -2.11188 -25.9124 34.6968 -13.0374 -26.0182 
20.0313 -9.62032 24.955 47.8953 -18.6044 -9.64009 -2.51216 
4.3801 -1.52327 -18.5913 45.8068 8.60784 23.042 39.7548 
31.4372 -28.571 17.5063 -36.9564 -5.6295 23.2718 2.56403 
13.8019 5.54296 42.0722 -64.7204 3.26334 -23.984 19.5124 
22.8352 -31.3256 30.6434 22.3287 -9.35091 -42.4472 -31.0962 

Определитель матрицы: 14017.9

******************************************************** ОБРАТНАЯ МАТРИЦА (КЛАССИЧЕСКИЙ МЕТОД) *******************************************************

Обратная матрица к матрице А:

-50.3431 -4.52986 -45.0735 23.4833 -36.5231 3.51207 7.77175 
-47.8372 -4.29708 -42.8052 22.2994 -34.7193 3.34116 7.35894 
-14.8366 -1.31645 -13.2423 6.91565 -10.7568 1.04405 2.27124 
-10.7668 -0.962996 -9.62519 5.02654 -7.81446 0.74804 1.65924 
-72.4877 -6.49152 -64.8858 33.8257 -52.5883 5.06123 11.1823 
-18.0915 -1.61485 -16.1701 8.43221 -13.1096 1.25505 2.76784 
35.3625 3.16994 31.6452 -16.4768 25.6523 -2.45591 -5.44947 

************************************************************** ПСЕВДООБРАТНАЯ МАТРИЦА (СВД) **************************************************************

Вектор Сигма:

113.643 108.01 79.9424 48.061 31.9231 20.5394 0.00568369 

Матрица Сигма:

113.643 0 0 0 0 0 0 
0 108.01 0 0 0 0 0 
0 0 79.9424 0 0 0 0 
0 0 0 48.061 0 0 0 
0 0 0 0 31.9231 0 0 
0 0 0 0 0 20.5394 0 
0 0 0 0 0 0 0.00568369 

Транспонированная матрица Сигма:

0.00879949 0 0 0 0 0 0 
0 0.0092584 0 0 0 0 0 
0 0 0.012509 0 0 0 0 
0 0 0 0.0208069 0 0 0 
0 0 0 0 0.0313253 0 0 
0 0 0 0 0 0.0486868 0 
0 0 0 0 0 0 0 


Матрица U:

0.370074 -0.34509 -0.0380806 0.34847 -0.00267067 -0.48343 -0.622384 
-0.0631327 -0.526184 -0.553049 -0.222444 -0.528541 0.285272 -0.0558248 
0.0586247 0.539651 -0.154254 0.226236 -0.120892 0.552682 -0.55703 
0.477838 0.186153 0.336656 0.141918 -0.718013 -0.0611007 0.290294 
-0.388038 0.0745821 0.435047 -0.558964 -0.31056 -0.204457 -0.451533 
-0.629956 -0.217478 0.252727 0.661893 -0.215164 0.075471 0.0434278 
-0.282621 0.474665 -0.549926 0.0849783 -0.218485 -0.572911 0.0959186 

Матрица V:

-0.277438 0.559444 0.425953 0.00976634 0.16921 -0.434128 0.459804 
0.21501 -0.280861 0.101637 0.49682 0.580234 0.300386 0.436834 
-0.550103 0.279556 -0.0772495 0.242335 -0.302039 0.667081 0.135338 
0.682498 0.626447 -0.282764 0.106186 -0.140381 0.145465 0.0983028 
0.0982081 -0.363925 -0.133601 0.0191813 -0.602487 -0.196045 0.662022 
0.243349 -0.0525715 0.550807 -0.626057 -0.0397351 0.462441 0.165079 
0.198792 -0.0484489 0.633304 0.539219 -0.39899 -0.0534596 -0.322881 

Произведение VSigma^-1:

-0.00244132 0.00517956 0.00532825 0.000203207 0.00530054 -0.0211363 0 
0.00189198 -0.00260032 0.00127138 0.0103373 0.018176 0.0146249 0 
-0.00484063 0.00258824 -0.000966315 0.00504223 -0.00946147 0.032478 0 
0.00600564 0.0057999 -0.0035371 0.00220939 -0.00439746 0.00708222 0 
0.000864181 -0.00336936 -0.00167122 0.000399102 -0.0188731 -0.00954483 0 
0.00214135 -0.000486728 0.00689005 -0.0130263 -0.00124471 0.0225148 0 
0.00174926 -0.00044856 0.007922 0.0112195 -0.0124985 -0.00260278 0 

Псевдообратная матрица Мура-Пенроуза (A+):

0.00738078 -0.0143944 -0.0104463 -0.00089415 0.00621341 -0.000843091 0.0111868 
-0.00196729 -0.00718849 0.00673576 -0.0116291 -0.014788 0.00373005 -0.0139396 
-0.0165663 0.0126224 0.0214966 0.00336808 -0.00486944 0.0100666 -0.0129833 
-0.00228637 0.00237835 0.00897328 0.00579687 -0.00475396 -0.0029955 9.18801e-05 
0.00634992 0.00980616 -0.00441319 0.0134141 0.00627596 0.00337062 0.00870123 
-0.0147222 0.00628871 0.00844703 0.000921567 0.00519474 -0.00615677 -0.0183592 
0.00570177 -0.000887905 0.00124918 0.0141447 0.000876612 0.0109166 0.000111497 

Число обусловленности матрицы А: 19994.6

******************************************************************** ПРОВЕРКА СВОЙСТВ ************************************************************************

Свойства обратной матрицы:

1 свойство: AA^-1 = E и A^-1A = E:

AA^-1:
1.00018 0 0 0 0 0 0 
0 1.00001 0 0 0 0 0 
0 0 1.00002 0 0 0 0 
0 0 0 1 0 0 0 
0 0 0 0 0.999901 0 0 
0 0 0 0 0 1 0 
0 0 0 0 0 0 0.999985 
A^-1A:
0.999954 0 0 0 0 0 0 
0 1.00006 0 0 0 0 0 
0 0 0.999992 0 0 0 0 
0 0 0 0.999969 0 0 0 
0 0 0 0 1.00002 0 0 
0 0 0 0 0 0.999969 0 
0 0 0 0 0 0 1.00008 

2 свойство: det(A^-1) = 1/det(A)

det(A^-1) = -5.45674e-09 = 1/det(A)

3 свойство: (A^-1)T = (AT)^-1

(A^-1)T:
-50.3431 -47.8372 -14.8366 -10.7668 -72.4877 -18.0915 35.3625 
-4.52986 -4.29708 -1.31645 -0.962996 -6.49152 -1.61485 3.16994 
-45.0735 -42.8052 -13.2423 -9.62519 -64.8858 -16.1701 31.6452 
23.4833 22.2994 6.91565 5.02654 33.8257 8.43221 -16.4768 
-36.5231 -34.7193 -10.7568 -7.81446 -52.5883 -13.1096 25.6523 
3.51207 3.34116 1.04405 0.74804 5.06123 1.25505 -2.45591 
7.77175 7.35894 2.27124 1.65924 11.1823 2.76784 -5.44947 
(AT)^-1
-50.3504 -47.8441 -14.8388 -10.7684 -72.4983 -18.0942 35.3677 
-4.53052 -4.29771 -1.31664 -0.963136 -6.49247 -1.61509 3.1704 
-45.0801 -42.8115 -13.2442 -9.62659 -64.8952 -16.1725 31.6498 
23.4867 22.3026 6.91666 5.02728 33.8306 8.43344 -16.4792 
-36.5285 -34.7244 -10.7584 -7.8156 -52.596 -13.1115 25.6561 
3.51258 3.34164 1.0442 0.74815 5.06197 1.25523 -2.45626 
7.77288 7.36002 2.27158 1.65949 11.1839 2.76824 -5.45026 

4 свойство: (A^-1)^-1 = A

(A^-1)^-1:
-29.3526 24.4843 -35.8527 6.5654 20.4139 -4.55842 17.8326 
-54.129 -3.42458 -2.10162 -25.9076 34.6915 -13.0367 -26.0195 
20.0258 -9.61628 24.9495 47.8917 -18.6011 -9.63985 -2.511 
4.38304 -1.52479 -18.5882 45.8148 8.60554 23.0413 39.7556 
31.4349 -28.5692 17.5031 -36.955 -5.62761 23.2728 2.56672 
13.8022 5.54246 42.0747 -64.7264 3.26159 -23.9868 19.5063 
22.8312 -31.3227 30.639 22.3301 -9.34809 -42.447 -31.0935 

Свойства псевдообратной матрицы Мура-Пенроуза:

1 свойство: AA+A=A

AA+A:
-29.3568 24.4898 -35.8589 6.56012 20.421 -4.55612 17.8345 
-54.1424 -3.41555 -2.11095 -25.9172 34.6992 -13.0386 -26.0194 
20.033 -9.61797 24.9548 47.8942 -18.6027 -9.63879 -2.51266 
4.37817 -1.52233 -18.5937 45.8055 8.60749 23.0435 39.7571 
31.4366 -28.5691 17.5051 -36.9548 -5.62711 23.2721 2.56282 
13.7997 5.54295 42.0715 -64.7197 3.26431 -23.9852 19.5113 
22.834 -31.325 30.6434 22.3249 -9.35085 -42.4477 -31.0967 
A:
-29.3589 24.4887 -35.8599 6.5601 20.4185 -4.55696 17.8351 
-54.14 -3.41559 -2.11188 -25.9124 34.6968 -13.0374 -26.0182 
20.0313 -9.62032 24.955 47.8953 -18.6044 -9.64009 -2.51216 
4.3801 -1.52327 -18.5913 45.8068 8.60784 23.042 39.7548 
31.4372 -28.571 17.5063 -36.9564 -5.6295 23.2718 2.56403 
13.8019 5.54296 42.0722 -64.7204 3.26334 -23.984 19.5124 
22.8352 -31.3256 30.6434 22.3287 -9.35091 -42.4472 -31.0962 

2 свойство: A+AA+=A+

A+AA+:
0.00738074 -0.0143948 -0.0104461 -0.000894127 0.00621325 -0.000843411 0.0111868 
-0.00196764 -0.00718901 0.00673635 -0.0116288 -0.0147879 0.00372985 -0.0139391 
-0.0165661 0.0126227 0.0214963 0.0033678 -0.00486958 0.0100667 -0.0129836 
-0.00228632 0.0023781 0.00897301 0.00579668 -0.00475384 -0.00299534 9.14604e-05 
0.00635025 0.00980688 -0.00441376 0.0134139 0.00627596 0.00337095 0.00870081 
-0.0147222 0.00628861 0.00844713 0.000921782 0.00519465 -0.00615696 -0.0183593 
0.00570207 -0.000887726 0.00124894 0.0141449 0.000876477 0.0109165 0.000111121 
A+:
0.00738078 -0.0143944 -0.0104463 -0.00089415 0.00621341 -0.000843091 0.0111868 
-0.00196729 -0.00718849 0.00673576 -0.0116291 -0.014788 0.00373005 -0.0139396 
-0.0165663 0.0126224 0.0214966 0.00336808 -0.00486944 0.0100666 -0.0129833 
-0.00228637 0.00237835 0.00897328 0.00579687 -0.00475396 -0.0029955 9.18801e-05 
0.00634992 0.00980616 -0.00441319 0.0134141 0.00627596 0.00337062 0.00870123 
-0.0147222 0.00628871 0.00844703 0.000921567 0.00519474 -0.00615677 -0.0183592 
0.00570177 -0.000887905 0.00124918 0.0141447 0.000876612 0.0109166 0.000111497 

3 свойство: (AA+)T = AA+ и (A+A)T = A+A

(AA+)T:
0.612635 -0.0347343 -0.346682 0.180686 -0.28102 0.027035 0.0597066 
-0.0347343 0.996936 -0.0311111 0.016195 -0.0251925 0.00245321 0.00535732 
-0.346682 -0.0311111 0.689709 0.16168 -0.251521 0.0241889 0.0534136 
0.180686 0.016195 0.16168 0.915737 0.131077 -0.0126052 -0.0278817 
-0.28102 -0.0251925 -0.251521 0.131077 0.796093 0.0195921 0.0433146 
0.0270349 0.00245327 0.024189 -0.0126051 0.019592 0.998106 -0.00415328 
0.0597062 0.00535758 0.0534139 -0.0278819 0.0433143 -0.00415279 0.990784 
AA+:
0.612635 -0.0347343 -0.346682 0.180686 -0.28102 0.0270349 0.0597062 
-0.0347343 0.996936 -0.0311111 0.016195 -0.0251925 0.00245327 0.00535758 
-0.346682 -0.0311111 0.689709 0.16168 -0.251521 0.024189 0.0534139 
0.180686 0.016195 0.16168 0.915737 0.131077 -0.0126051 -0.0278819 
-0.28102 -0.0251925 -0.251521 0.131077 0.796093 0.019592 0.0433143 
0.027035 0.00245321 0.0241889 -0.0126052 0.0195921 0.998106 -0.00415279 
0.0597066 0.00535732 0.0534136 -0.0278817 0.0433146 -0.00415328 0.990784 
(A+A)T:
0.788599 -0.200794 -0.0622692 -0.0451976 -0.304466 -0.0759043 0.148426 
-0.200858 0.809142 -0.0591005 -0.0429265 -0.289168 -0.0721083 0.14107 
-0.0622369 -0.0590889 0.981666 -0.0133123 -0.0896206 -0.0223562 0.0436613 
-0.0451507 -0.0428679 -0.0133446 0.990297 -0.0651589 -0.0161953 0.0317337 
-0.30442 -0.289233 -0.0895738 -0.0650793 0.561773 -0.109287 0.213776 
-0.0758976 -0.0721154 -0.0223447 -0.0162098 -0.109284 0.972758 0.0533172 
0.148465 0.141045 0.0436919 0.0317569 0.213757 0.0533104 0.895764 
A+A:
0.788599 -0.200858 -0.0622369 -0.0451507 -0.30442 -0.0758976 0.148465 
-0.200794 0.809142 -0.0590889 -0.0428679 -0.289233 -0.0721154 0.141045 
-0.0622692 -0.0591005 0.981666 -0.0133446 -0.0895738 -0.0223447 0.0436919 
-0.0451976 -0.0429265 -0.0133123 0.990297 -0.0650793 -0.0162098 0.0317569 
-0.304466 -0.289168 -0.0896206 -0.0651589 0.561773 -0.109284 0.213757 
-0.0759043 -0.0721083 -0.0223562 -0.0161953 -0.109287 0.972758 0.0533104 
0.148426 0.14107 0.0436613 0.0317337 0.213776 0.0533172 0.895764 
