						      УЧЕБНАЯ ПРАКТИКА
			     Задание 12. Исследование свойств обратной и псевдообратной матриц.

Матрица коэффициентов А:

-47.4007 35.787 -10.6023 -43.5521 9.16186 33.444 25.8738 
-3.24066 -14.8088 7.82098 15.1464 50.6583 40.654 22.1707 
-21.3308 -12.6202 44.8734 -22.2328 -13.4401 42.0692 -44.9289 
11.5612 47.4817 -25.9703 -12.6884 12.9593 8.9338 -35.9208 
3.28947 -28.4228 -67.0102 20.4181 -4.23091 13.382 -24.4185 
15.2178 -2.83781 -0.997937 5.1692 -30.3337 43.1366 13.1489 
39.5722 44.9415 10.4383 -0.36565 -10.4697 19.0565 -12.3693 

Определитель матрицы: -8.65678e+09

******************************************************** ОБРАТНАЯ МАТРИЦА (КЛАССИЧЕСКИЙ МЕТОД) *******************************************************

Обратная матрица к матрице А:

-2.54571 0.144141 -0.857074 6.62042 -3.94136 5.74604 -7.29049 
1.82229 -0.103332 0.607836 -4.735 2.81816 -4.11365 5.233 
0.480983 -0.0251664 0.168119 -1.26688 0.743284 -1.0977 1.39516 
3.83864 -0.210757 1.29021 -10.0238 5.96786 -8.69357 11.0518 
-0.791193 0.0560994 -0.266362 2.06433 -1.22691 1.77669 -2.27105 
0.125076 -0.000409244 0.0453204 -0.318111 0.192964 -0.268057 0.354197 
-0.368583 0.0225828 -0.134505 0.966334 -0.58345 0.850577 -1.07307 

************************************************************** ПСЕВДООБРАТНАЯ МАТРИЦА (СВД) **************************************************************

Вектор Сигма:

101.609 88.6107 82.7157 78.0136 66.1958 55.3825 0.0406412 

Матрица Сигма:

101.609 0 0 0 0 0 0 
0 88.6107 0 0 0 0 0 
0 0 82.7157 0 0 0 0 
0 0 0 78.0136 0 0 0 
0 0 0 0 66.1958 0 0 
0 0 0 0 0 55.3825 0 
0 0 0 0 0 0 0.0406412 

Транспонированная матрица Сигма:

0.00984163 0 0 0 0 0 0 
0 0.0112853 0 0 0 0 0 
0 0 0.0120896 0 0 0 0 
0 0 0 0.0128183 0 0 0 
0 0 0 0 0.0151067 0 0 
0 0 0 0 0 0.0180563 0 
0 0 0 0 0 0 0 


Матрица U:

0.619404 -0.053714 -0.635062 0.150826 -0.249228 -0.288278 0.205432 
0.144082 -0.417219 -0.350357 -0.262892 0.622012 0.475674 -0.0115251 
0.53822 -0.0748293 0.446615 -0.576843 -0.34021 0.22802 0.069048 
0.15385 0.672743 -0.248505 -0.00452863 -0.0536191 0.415081 -0.535564 
-0.466236 0.21534 -0.417464 -0.642956 -0.211 -0.0490628 0.318801 
0.130767 0.0607936 0.0385965 -0.400702 0.373861 -0.679384 -0.464547 
0.218524 0.561065 0.19225 0.0376318 0.498071 -0.0487291 0.590449 

Матрица V:

-0.299433 0.418777 0.310218 -0.00985287 0.621487 -0.00669779 -0.502337 
0.425632 0.632719 -0.176249 0.480172 0.165245 0.010934 0.359792 
0.473481 -0.362901 0.730582 0.185305 0.19033 0.174944 0.0959106 
-0.468814 -0.0716219 0.0868117 -0.165126 0.392196 0.0889418 0.760626 
0.0340005 -0.231719 -0.41355 0.131258 0.263506 0.814277 -0.156253 
0.532963 0.00338813 -0.231779 -0.706557 0.376981 -0.142469 0.0241568 
-0.000853265 -0.483488 -0.326603 0.437359 0.429948 -0.527233 -0.0738686 

Произведение VSigma^-1:

-0.00294691 0.00472603 0.00375041 -0.000126297 0.00938862 -0.000120937 0 
0.00418891 0.00714044 -0.00213078 0.00615497 0.0024963 0.000197428 0 
0.00465983 -0.00409546 0.00883245 0.00237529 0.00287526 0.00315883 0 
-0.00461389 -0.000808276 0.00104952 -0.00211664 0.00592478 0.00160596 0 
0.00033462 -0.00261503 -0.00499966 0.0016825 0.0039807 0.0147028 0 
0.00524523 3.82361e-05 -0.00280212 -0.00905684 0.00569494 -0.00257245 0 
-8.39752e-06 -0.00545632 -0.0039485 0.00560619 0.00649509 -0.00951985 0 

Псевдообратная матрица Мура-Пенроуза (A+):

-0.00678502 0.00210515 -0.00341356 0.00124099 -0.00106787 0.00368952 0.007406 
0.00381353 -0.00160049 -0.0035861 0.00589788 -0.00401966 -0.000767547 0.00597733 
-0.00377182 0.00195217 0.00513109 -0.00308694 -0.0090306 -0.00132162 0.00178605 
-0.00573979 0.00431039 -0.00238258 -0.00115592 0.00157095 0.00136015 0.00153308 
-0.00145402 0.0119184 -0.000829425 0.00541646 -0.00127502 -0.00948299 -0.00102573 
0.00298261 0.00642117 0.00426909 0.000196923 0.00348023 0.00808597 0.00324997 
0.00476659 0.00169651 -0.00897399 -0.00701593 -0.00403062 0.00616428 8.75968e-05 

Число обусловленности матрицы А: 2500.15

******************************************************************** ПРОВЕРКА СВОЙСТВ ************************************************************************

Свойства обратной матрицы:

1 свойство: AA^-1 = E и A^-1A = E:

AA^-1:
1.00002 -7.15256e-07 0 -9.53674e-06 1.33514e-05 3.24249e-05 -1.14441e-05 
9.53674e-07 1 9.53674e-07 -1.14441e-05 -9.53674e-07 0 5.72205e-06 
3.8147e-06 -1.19209e-07 0.999998 -1.90735e-05 -9.53674e-06 0 -1.90735e-05 
-3.8147e-06 6.55651e-07 -2.38419e-06 1.00005 -1.14441e-05 -1.90735e-06 -3.05176e-05 
-2.95639e-05 1.43051e-06 7.15256e-07 2.47955e-05 0.999974 6.29425e-05 1.14441e-05 
-4.76837e-07 1.19209e-07 7.15256e-07 -1.33514e-05 1.90735e-06 0.99998 1.71661e-05 
1.19209e-05 3.27826e-07 -7.03335e-06 4.1008e-05 -2.38419e-06 -4.673e-05 0.999975 
A^-1A:
0.999969 0 1.52588e-05 1.64509e-05 3.05176e-05 -1.52588e-05 -3.8147e-05 
-3.05176e-05 1.00005 -6.10352e-05 -3.77893e-05 1.90735e-05 -3.05176e-05 7.62939e-06 
-3.43323e-05 -1.52588e-05 0.999985 -1.24574e-05 1.71661e-05 -2.47955e-05 2.28882e-05 
0 6.10352e-05 -2.28882e-05 0.999945 -1.52588e-05 -1.52588e-05 3.05176e-05 
-7.62939e-06 -7.62939e-06 3.8147e-06 2.08616e-06 1.00001 -7.62939e-06 -1.52588e-05 
0 9.53674e-07 -1.66893e-06 -8.9407e-07 -4.76837e-07 1 1.90735e-06 
0 0 5.72205e-06 2.32458e-06 3.8147e-06 -3.8147e-06 0.999994 

2 свойство: det(A^-1) = 1/det(A)

det(A^-1) = -1.15652e-10 = 1/det(A)

3 свойство: (A^-1)T = (AT)^-1

(A^-1)T:
-2.54571 1.82229 0.480983 3.83864 -0.791193 0.125076 -0.368583 
0.144141 -0.103332 -0.0251664 -0.210757 0.0560994 -0.000409244 0.0225828 
-0.857074 0.607836 0.168119 1.29021 -0.266362 0.0453204 -0.134505 
6.62042 -4.735 -1.26688 -10.0238 2.06433 -0.318111 0.966334 
-3.94136 2.81816 0.743284 5.96786 -1.22691 0.192964 -0.58345 
5.74604 -4.11365 -1.0977 -8.69357 1.77669 -0.268057 0.850577 
-7.29049 5.233 1.39516 11.0518 -2.27105 0.354197 -1.07307 
(AT)^-1
-2.54588 1.8224 0.481014 3.83889 -0.791244 0.125084 -0.368607 
0.144147 -0.103342 -0.025169 -0.210776 0.0561007 -0.000409655 0.0225843 
-0.857129 0.607876 0.16813 1.29029 -0.266379 0.045323 -0.134513 
6.62086 -4.73531 -1.26696 -10.0244 2.06446 -0.318132 0.966398 
-3.94161 2.81834 0.743332 5.96825 -1.22699 0.192976 -0.583488 
5.74642 -4.11392 -1.09777 -8.69414 1.77681 -0.268075 0.850632 
-7.29097 5.23334 1.39526 11.0525 -2.2712 0.354219 -1.07314 

4 свойство: (A^-1)^-1 = A

(A^-1)^-1:
-47.3991 35.7878 -10.6009 -43.5518 9.16147 33.4437 25.8741 
-3.24023 -14.8088 7.82007 15.1462 50.6584 40.6541 22.1703 
-21.3297 -12.6177 44.874 -22.2331 -13.44 42.0695 -44.9298 
11.5622 47.4804 -25.9694 -12.6875 12.9579 8.93451 -35.9196 
3.28568 -28.424 -67.012 20.417 -4.22835 13.3794 -24.4183 
15.2173 -2.83812 -0.998026 5.16913 -30.3337 43.1366 13.149 
39.574 44.9401 10.4395 -0.364365 -10.4722 19.0587 -12.3683 

Свойства псевдообратной матрицы Мура-Пенроуза:

1 свойство: AA+A=A

AA+A:
-47.3968 35.7841 -10.6029 -43.559 9.16189 33.4453 25.8748 
-3.24059 -14.8103 7.8195 15.1478 50.6571 40.6539 22.1707 
-21.3293 -12.6212 44.8731 -22.235 -13.4406 42.0701 -44.9282 
11.5505 47.4882 -25.9694 -12.671 12.9553 8.9331 -35.9224 
3.296 -28.4258 -67.0096 20.4076 -4.22702 13.3821 -24.4174 
15.208 -2.8291 -0.993936 5.18202 -30.337 43.1408 13.1481 
39.5843 44.9322 10.4356 -0.383802 -10.4673 19.057 -12.3675 
A:
-47.4007 35.787 -10.6023 -43.5521 9.16186 33.444 25.8738 
-3.24066 -14.8088 7.82098 15.1464 50.6583 40.654 22.1707 
-21.3308 -12.6202 44.8734 -22.2328 -13.4401 42.0692 -44.9289 
11.5612 47.4817 -25.9703 -12.6884 12.9593 8.9338 -35.9208 
3.28947 -28.4228 -67.0102 20.4181 -4.23091 13.382 -24.4185 
15.2178 -2.83781 -0.997937 5.1692 -30.3337 43.1366 13.1489 
39.5722 44.9415 10.4383 -0.36565 -10.4697 19.0565 -12.3693 

2 свойство: A+AA+=A+

A+AA+:
-0.00678505 0.00210515 -0.00341352 0.00124096 -0.00106778 0.00368961 0.00740601 
0.00381351 -0.00160071 -0.00358612 0.00589772 -0.00401943 -0.000767356 0.00597722 
-0.00377187 0.00195195 0.00513103 -0.00308709 -0.00903031 -0.00132141 0.00178594 
-0.00573986 0.00431046 -0.00238259 -0.00115587 0.00157097 0.00136007 0.00153308 
-0.00145442 0.0119181 -0.000829738 0.00541628 -0.00127448 -0.00948314 -0.00102613 
0.00298285 0.00642125 0.00426927 0.000196801 0.0034802 0.00808649 0.00325018 
0.00476679 0.00169659 -0.00897378 -0.00701591 -0.0040307 0.00616449 8.77284e-05 
A+:
-0.00678502 0.00210515 -0.00341356 0.00124099 -0.00106787 0.00368952 0.007406 
0.00381353 -0.00160049 -0.0035861 0.00589788 -0.00401966 -0.000767547 0.00597733 
-0.00377182 0.00195217 0.00513109 -0.00308694 -0.0090306 -0.00132162 0.00178605 
-0.00573979 0.00431039 -0.00238258 -0.00115592 0.00157095 0.00136015 0.00153308 
-0.00145402 0.0119184 -0.000829425 0.00541646 -0.00127502 -0.00948299 -0.00102573 
0.00298261 0.00642117 0.00426909 0.000196923 0.00348023 0.00808597 0.00324997 
0.00476659 0.00169651 -0.00897399 -0.00701593 -0.00403062 0.00616428 8.75968e-05 

3 свойство: (AA+)T = AA+ и (A+A)T = A+A

(AA+)T:
0.957818 0.00235319 -0.0141803 0.109997 -0.0654833 0.0954594 -0.121283 
0.00235327 0.999859 0.00078924 -0.00616629 0.00368642 -0.00532361 0.00677674 
-0.0141803 0.000789165 0.995229 0.036979 -0.0220152 0.0321085 -0.0407757 
0.109997 -0.00616634 0.0369791 0.713194 0.17074 -0.248805 0.316195 
-0.0654832 0.00368649 -0.0220152 0.17074 0.898344 0.148092 -0.18822 
0.0954595 -0.00532368 0.0321085 -0.248805 0.148092 0.784183 0.274341 
-0.121283 0.00677675 -0.0407756 0.316195 -0.18822 0.274341 0.651373 
AA+:
0.957818 0.00235327 -0.0141803 0.109997 -0.0654832 0.0954595 -0.121283 
0.00235319 0.999859 0.000789165 -0.00616634 0.00368649 -0.00532368 0.00677675 
-0.0141803 0.00078924 0.995229 0.0369791 -0.0220152 0.0321085 -0.0407756 
0.109997 -0.00616629 0.036979 0.713194 0.17074 -0.248805 0.316195 
-0.0654833 0.00368642 -0.0220152 0.17074 0.898344 0.148092 -0.18822 
0.0954594 -0.00532361 0.0321085 -0.248805 0.148092 0.784183 0.274341 
-0.121283 0.00677674 -0.0407757 0.316195 -0.18822 0.274341 0.651373 
(A+A)T:
0.747659 0.180737 0.0481814 0.382094 -0.0784833 0.0121339 -0.0371129 
0.180732 0.870533 -0.0345264 -0.273669 0.0561712 -0.00868332 0.0265892 
0.0481764 -0.0345228 0.990781 -0.0729534 0.0149388 -0.00230404 0.00709878 
0.382094 -0.273662 -0.0729434 0.421451 0.118883 -0.0183841 0.0561734 
-0.0784964 0.0561997 0.0149674 0.118856 0.975573 0.0037589 -0.0115466 
0.0121409 -0.00869407 -0.00232044 -0.0183771 0.00372585 0.99946 0.00181374 
-0.0371095 0.0265762 0.00708388 0.0561837 -0.0115494 0.00179359 0.994543 
A+A:
0.747659 0.180732 0.0481764 0.382094 -0.0784964 0.0121409 -0.0371095 
0.180737 0.870533 -0.0345228 -0.273662 0.0561997 -0.00869407 0.0265762 
0.0481814 -0.0345264 0.990781 -0.0729434 0.0149674 -0.00232044 0.00708388 
0.382094 -0.273669 -0.0729534 0.421451 0.118856 -0.0183771 0.0561837 
-0.0784833 0.0561712 0.0149388 0.118883 0.975573 0.00372585 -0.0115494 
0.0121339 -0.00868332 -0.00230404 -0.0183841 0.0037589 0.99946 0.00179359 
-0.0371129 0.0265892 0.00709878 0.0561734 -0.0115466 0.00181374 0.994543 
