						      УЧЕБНАЯ ПРАКТИКА
			     Задание 12. Исследование свойств обратной и псевдообратной матриц.

Матрица коэффициентов А:

-12.1	-13.4	-17.8	-16.9	9.97	-37.7	39.7	
-32.3	-9.75	-42.2	41.2	-49.7	44.6	-36.6	
14.2	-12.4	-36.9	-42	-7.8	29.7	12.6	
25.1	44.5	21.2	-47.1	-23.5	-14.3	-11.7	
20.3	-34	26	-43.4	10.8	4.19	-26.3	
-8.89	20.5	-2.14	-31.3	23.4	31.4	47.8	
-40.3	46.7	12.5	-28	-21.4	32.4	-7.93	

Определитель матрицы: -6.37e+11

******************************************************** ОБРАТНАЯ МАТРИЦА (КЛАССИЧЕСКИЙ МЕТОД) *******************************************************

Обратная матрица к матрице А:

-0.00746	0.00815	-0.0041	0.0166	0.00102	0.0144	-0.0229	
-0.0188	-0.0332	0.0288	-0.0158	-0.028	-0.0325	0.0257	
0.017	0.0458	-0.058	0.0358	0.0348	0.0583	-0.0354	
-0.00257	0.0114	-0.0157	0.00518	-0.00172	0.013	-0.0144	
-0.0322	-0.0704	0.0601	-0.056	-0.0348	-0.0677	0.0498	
-0.00598	0.0159	-0.0101	0.00643	0.00953	0.0248	-0.0112	
0.0255	0.0494	-0.0489	0.0381	0.0235	0.0656	-0.0434	

************************************************************** ПСЕВДООБРАТНАЯ МАТРИЦА (СВД) **************************************************************

Вектор Сигма:

120	102	85.5	74.7	51.2	37	4.29	

Матрица Сигма:

120	0	0	0	0	0	0	
0	102	0	0	0	0	0	
0	0	85.5	0	0	0	0	
0	0	0	74.7	0	0	0	
0	0	0	0	51.2	0	0	
0	0	0	0	0	37	0	
0	0	0	0	0	0	4.29	

Транспонированная матрица Сигма:

0.00831	0	0	0	0	0	0	
0	0.00982	0	0	0	0	0	
0	0	0.0117	0	0	0	0	
0	0	0	0.0134	0	0	0	
0	0	0	0	0.0195	0	0	
0	0	0	0	0	0.027	0	
0	0	0	0	0	0	0	


Матрица U:

-0.253	-0.224	0.425	0.0818	-0.5	-0.642	0.192	
0.815	0.192	0.0495	-0.219	-0.185	-0.106	0.45	
-0.0727	0.26	0.343	-0.683	-0.331	0.205	-0.437	
-0.337	0.453	-0.45	0.0988	-0.552	0.221	0.34	
-0.264	-0.00178	-0.392	-0.634	0.351	-0.432	0.257	
-0.278	0.341	0.586	0.0116	0.383	0.235	0.511	
0.0724	0.723	-0.000485	0.26	0.179	-0.495	-0.356	

Матрица V:

-0.32	-0.202	-0.308	-0.329	-0.196	0.777	0.109	
-0.0995	0.579	-0.06	0.64	-0.15	0.361	-0.298	
-0.33	0.0407	-0.507	0.293	0.543	-0.133	0.484	
0.622	-0.505	0.0034	0.448	0.168	0.344	0.106	
-0.378	-0.313	0.224	0.0345	0.56	0.0945	-0.62	
0.341	0.514	0.23	-0.381	0.546	0.323	0.136	
-0.363	-0.0721	0.736	0.222	-0.0619	0.131	0.5	

Произведение VSigma^-1:

-0.00266	-0.00199	-0.0036	-0.0044	-0.00383	0.021	0	
-0.000826	0.00568	-0.000702	0.00857	-0.00293	0.00976	0	
-0.00274	0.000399	-0.00592	0.00392	0.0106	-0.0036	0	
0.00517	-0.00495	3.98e-05	0.006	0.00327	0.00929	0	
-0.00314	-0.00308	0.00262	0.000462	0.0109	0.00255	0	
0.00284	0.00505	0.00268	-0.0051	0.0107	0.00874	0	
-0.00302	-0.000707	0.00861	0.00298	-0.00121	0.00355	0	

Псевдообратная матрица Мура-Пенроуза (A+):

-0.0123	-0.00328	0.00702	0.00793	-0.0055	0.00137	-0.0139	
-0.00546	-0.00199	-0.00159	0.00779	-0.0102	0.00303	0.000923	
-0.00458	-0.00489	-0.00866	-0.0025	0.00584	0.000684	0.0048	
-0.00729	0.00036	-0.00493	-0.00317	-0.00803	0.000401	-0.00566	
-0.00447	-0.00541	-0.00309	-0.00695	0.00225	0.00615	-0.00163	
-0.0121	0.00164	0.00377	-0.00434	0.00139	0.00858	0.000117	
0.00315	-0.00297	0.00209	-0.00143	-0.00642	0.00605	-0.00193	

Число обусловленности матрицы А: 28

******************************************************************** ПРОВЕРКА СВОЙСТВ ************************************************************************

Свойства обратной матрицы:

1 свойство: AA^-1 = E и A^-1A = E:

AA^-1:
1	2.38e-07	0	0	0	0	0	
5.96e-07	1	-8.34e-07	2.38e-07	2.98e-07	7.15e-07	-8.34e-07	
-5.96e-07	-5.96e-08	1	-5.96e-08	-8.94e-08	0	1.79e-07	
3.87e-07	6.56e-07	-9.54e-07	1	3.87e-07	1.79e-06	-5.36e-07	
-5.96e-07	-4.77e-07	7.15e-07	-3.58e-07	1	-1.67e-06	1.07e-06	
5.96e-07	0	-4.77e-07	3.58e-07	1.19e-07	1	-2.38e-07	
1.12e-06	-7.45e-07	-7.15e-07	-2.68e-07	-8.94e-08	0	1	
A^-1A:
1	2.38e-07	-5.07e-07	-2.38e-07	-5.07e-07	1.67e-06	-1.49e-08	
3.58e-07	1	4.77e-07	-5.96e-07	1.19e-06	-3.58e-07	5.51e-07	
-4.77e-07	-7.15e-07	1	0	-7.15e-07	-8.34e-07	9.83e-07	
1.19e-07	-3.58e-07	-2.38e-07	1	-1.49e-07	1.19e-07	1.86e-07	
9.54e-07	2.38e-07	5.96e-07	-1.19e-07	1	-1.19e-07	-1.79e-06	
-8.94e-08	-1.79e-07	-2.53e-07	8.94e-08	-1.04e-07	1	3.13e-07	
-3.58e-07	-2.38e-07	-7.15e-07	0	-8.34e-07	0	1	
									1 свойство: выполняется!

2 свойство: det(A^-1) = 1/det(A)

det(A^-1) = -1.57e-12 = 1/det(A)
									2 свойство: выполняется!

3 свойство: (A^-1)T = (AT)^-1

(A^-1)T:
-0.00746	-0.0188	0.017	-0.00257	-0.0322	-0.00598	0.0255	
0.00815	-0.0332	0.0458	0.0114	-0.0704	0.0159	0.0494	
-0.0041	0.0288	-0.058	-0.0157	0.0601	-0.0101	-0.0489	
0.0166	-0.0158	0.0358	0.00518	-0.056	0.00643	0.0381	
0.00102	-0.028	0.0348	-0.00172	-0.0348	0.00953	0.0235	
0.0144	-0.0325	0.0583	0.013	-0.0677	0.0248	0.0656	
-0.0229	0.0257	-0.0354	-0.0144	0.0498	-0.0112	-0.0434	
(AT)^-1
-0.00746	-0.0188	0.017	-0.00257	-0.0322	-0.00598	0.0255	
0.00815	-0.0332	0.0458	0.0114	-0.0704	0.0159	0.0494	
-0.0041	0.0288	-0.058	-0.0157	0.0601	-0.0101	-0.0489	
0.0166	-0.0158	0.0358	0.00518	-0.056	0.00643	0.0381	
0.00102	-0.028	0.0348	-0.00172	-0.0348	0.00953	0.0235	
0.0144	-0.0325	0.0583	0.013	-0.0677	0.0248	0.0656	
-0.0229	0.0257	-0.0354	-0.0144	0.0498	-0.0112	-0.0434	
									3 свойство: выполняется!

4 свойство: (A^-1)^-1 = A

(A^-1)^-1:
-12.1	-13.4	-17.8	-16.9	9.97	-37.7	39.7	
-32.3	-9.75	-42.2	41.2	-49.7	44.6	-36.6	
14.2	-12.4	-36.9	-42	-7.8	29.7	12.6	
25.1	44.5	21.2	-47.1	-23.5	-14.3	-11.7	
20.3	-34	26	-43.4	10.8	4.19	-26.3	
-8.89	20.5	-2.14	-31.3	23.4	31.4	47.8	
-40.3	46.7	12.5	-28	-21.4	32.4	-7.93	
									4 свойство: выполняется!

Свойства псевдообратной матрицы Мура-Пенроуза:

1 свойство: AA+A=A

AA+A:
-12.2	-13.2	-18.2	-17	10.5	-37.8	39.3	
-32.5	-9.17	-43.1	41	-48.5	44.4	-37.5	
14.4	-12.9	-36	-41.8	-8.96	30	13.6	
24.9	45	20.5	-47.3	-22.6	-14.5	-12.5	
20.2	-33.7	25.5	-43.5	11.5	4.04	-26.8	
-9.13	21.2	-3.2	-31.5	24.8	31.1	46.7	
-40.1	46.2	13.3	-27.8	-22.3	32.6	-7.16	
A:
-12.1	-13.4	-17.8	-16.9	9.97	-37.7	39.7	
-32.3	-9.75	-42.2	41.2	-49.7	44.6	-36.6	
14.2	-12.4	-36.9	-42	-7.8	29.7	12.6	
25.1	44.5	21.2	-47.1	-23.5	-14.3	-11.7	
20.3	-34	26	-43.4	10.8	4.19	-26.3	
-8.89	20.5	-2.14	-31.3	23.4	31.4	47.8	
-40.3	46.7	12.5	-28	-21.4	32.4	-7.93	
									1 свойство: выполняется!

2 свойство: A+AA+=A+

A+AA+:
-0.0123	-0.00328	0.00702	0.00793	-0.0055	0.00137	-0.0139	
-0.00546	-0.00199	-0.00159	0.00779	-0.0102	0.00303	0.000923	
-0.00458	-0.00489	-0.00866	-0.0025	0.00584	0.000685	0.0048	
-0.00729	0.00036	-0.00493	-0.00317	-0.00803	0.000401	-0.00566	
-0.00447	-0.00541	-0.00309	-0.00695	0.00225	0.00615	-0.00163	
-0.0121	0.00164	0.00377	-0.00434	0.00139	0.00858	0.000116	
0.00315	-0.00298	0.00209	-0.00143	-0.00642	0.00605	-0.00193	
A+:
-0.0123	-0.00328	0.00702	0.00793	-0.0055	0.00137	-0.0139	
-0.00546	-0.00199	-0.00159	0.00779	-0.0102	0.00303	0.000923	
-0.00458	-0.00489	-0.00866	-0.0025	0.00584	0.000684	0.0048	
-0.00729	0.00036	-0.00493	-0.00317	-0.00803	0.000401	-0.00566	
-0.00447	-0.00541	-0.00309	-0.00695	0.00225	0.00615	-0.00163	
-0.0121	0.00164	0.00377	-0.00434	0.00139	0.00858	0.000117	
0.00315	-0.00297	0.00209	-0.00143	-0.00642	0.00605	-0.00193	
									2 свойство: выполняется!

3 свойство: (AA+)T = AA+ и (A+A)T = A+A

(AA+)T:
0.963	-0.0864	0.0839	-0.0652	-0.0493	-0.098	0.0683	
-0.0864	0.798	0.197	-0.153	-0.115	-0.23	0.16	
0.0839	0.197	0.809	0.149	0.112	0.224	-0.156	
-0.0652	-0.153	0.149	0.885	-0.0872	-0.174	0.121	
-0.0493	-0.115	0.112	-0.0872	0.934	-0.131	0.0915	
-0.098	-0.23	0.224	-0.174	-0.131	0.739	0.182	
0.0683	0.16	-0.156	0.121	0.0915	0.182	0.873	
AA+:
0.963	-0.0864	0.0839	-0.0652	-0.0493	-0.098	0.0683	
-0.0864	0.798	0.197	-0.153	-0.115	-0.23	0.16	
0.0839	0.197	0.809	0.149	0.112	0.224	-0.156	
-0.0652	-0.153	0.149	0.885	-0.0872	-0.174	0.121	
-0.0493	-0.115	0.112	-0.0872	0.934	-0.131	0.0915	
-0.098	-0.23	0.224	-0.174	-0.131	0.739	0.182	
0.0683	0.16	-0.156	0.121	0.0915	0.182	0.873	
(A+A)T:
0.988	0.0326	-0.0529	-0.0115	0.0677	-0.0148	-0.0546	
0.0325	0.911	0.144	0.0314	-0.185	0.0406	0.149	
-0.0529	0.144	0.766	-0.0511	0.3	-0.0659	-0.242	
-0.0115	0.0314	-0.0511	0.989	0.0655	-0.0144	-0.0528	
0.0677	-0.185	0.3	0.0655	0.615	0.0844	0.31	
-0.0148	0.0406	-0.0659	-0.0144	0.0844	0.982	-0.0682	
-0.0546	0.149	-0.242	-0.0528	0.31	-0.0682	0.75	
A+A:
0.988	0.0325	-0.0529	-0.0115	0.0677	-0.0148	-0.0546	
0.0326	0.911	0.144	0.0314	-0.185	0.0406	0.149	
-0.0529	0.144	0.766	-0.0511	0.3	-0.0659	-0.242	
-0.0115	0.0314	-0.0511	0.989	0.0655	-0.0144	-0.0528	
0.0677	-0.185	0.3	0.0655	0.615	0.0844	0.31	
-0.0148	0.0406	-0.0659	-0.0144	0.0844	0.982	-0.0682	
-0.0546	0.149	-0.242	-0.0528	0.31	-0.0682	0.75	
									3 свойство: выполняется!
